57 63
38 68
22 60
20 46
26 92
18 77
0 38
8 38
13 89
74 81
42 81
55 59
15 66
47 53
50 52
67 91
77 84
16 96
5 60
37 96
7 58
24 79
45 87
56 67
54 69
48 73
32 39
35 37
25 39
32 37
8 93
32 79
0 48
30 60
71 90
45 84
0 30
8 47
51 88
5 56
13 62
27 78
32 90
27 97
40 92
19 52
7 18
24 35
88 90
46 66
10 29
74 84
32 49
9 52
42 72
46 87
18 92
8 40
12 70
61 89
53 89
82 92
34 83
53 98
58 74
3 68
32 53
25 33
31 97
41 57
5 32
74 82
13 65
9 84
75 82
3 94
4 85
55 87
23 56
78 91
12 49
40 95
32 61
8 69
21 55
39 79
19 98
57 85
47 59
7 23
22 55
4 12
61 96
93 96
11 58
13 37
11 77
0 77
71 82
21 35
